method,k2-v2_ppl,k2-v2_status
skvq_baseline,7.681895,ok
